0 0 5 5 1 18 5 31 4 36 13 34 3 25 1 43 23 11 9 3 7 29 9 28 2
0 63 1 16 8 4 5 9 5 14 3 17 14 42 3 15 14 25 13 57 8 12 7 55 2 42 5 7 11 16 7 10 2 45 7 41 9 61 11 35 3
0 134 7 7 1 33 9 25 2 19 3 10 1
0 255 2 32 8 12 1 1 3
0 360 5 3 3 31 3 10 1 11 5 20 3 12 28 5 4 26 2 36 3 23 2 25 6 90 5
0 417 12 64 1 7 11 4 1 13 11 42 5 4 1 4 7 40 9 58 10 35 18 54 13 38 3 52 9 4 1 28 1 50 1
0 514 2 17 5 17 11 1 10 8 2 17 8 19 9 3 1
0 670 16
0 758 5 100 3
0 821 6 72 1 8 15 72 2 53 4 8 6
0 867 7 95 2 4 8 19 4 63 11 29 8 15 20 4 4 11 4 26 7 28 15
0 974 4 39 6
0 1054 1 42 2 26 4 20 1 4 8
0 1071 1 80 8 30 4 10 1 6 6 8 4 61 7 1 6 43 2
0 1073 4 6 5
0 1097 4 3 9 6 5 84 6 17 6 2 11 9 7 1 4 6 4 13 6
0 1169 1 22 1
0 1188 4 1 2 126 8 10 1
0 1210 1 13 3 33 1 9 5 20 13 3 10
0 1286 5 20 22 11 6 21 13 23 1 65 16 7 3 8 7 31 5 80 14 6 4 48 3 14 2
0 1518 3 18 13
0 1567 3 2 11 65 1 42 3 36 4 5 2 33 8 73 1
0 1572 2
0 1721 1
0 1902 6 4 1 13 5
0 1916 11 23 4 39 2
0 2044 5 1 4 4 3
0 2239 2
0 2310 15 49 24 27 1 45 10 23 14 59 9 26 17 38 5 9 6 48 31 12 1 18 9 8 5
0 2330 5 3 11 22 3 2 1
0 2390 3 25 1 89 9 39 4
0 2601 4 13 1
0 2612 1 36 6 22 5 14 7 116 5 15 7 41 8 62 1 13 7 11 7 52 2 25 2 28 1 31 4 26 2 43 13
0 2829 3 31 2 14 1 33 4 16 1 19 2 94 16 3 6 129 3 9 1 28 8
0 3024 5 11 8 65 3 2 8
0 3098 19 27 13 21 2 40 1 16 10 60 20 27 2 9 8
0 3156 3 9 4 76 10 3 4 52 7 4 2 6 6 14 8 1 2 8 1 8 4 12 2 57 4 48 2 14 9 13 4 53 9
0 3270 3 19 22 4 10 33 16 13 1 14 2 9 1
0 3363 1
0 3814 5 62 8 33 1 11 1 32 1 1 7 7 2 10 12
0 3859 3 43 2 27 6 3 2 42 1
0 4271 1 3 15 14 7 32 2 9 3 64 9 16 3 2 1 20 12 13 8
0 4633 2 52 4 13 3 24 3
0 4693 4 5 2 18 1 89 2 8 5 55 3 11 3 25 12
0 4753 2 52 3 8 3 70 2
0 4874 6 20 4 78 3 9 3 16 7
0 4890 6 69 3 37 1 29 8 19 3 22 3
0 4984 18 6 19 25 5 75 3
0 5005 5
0 5166 5 2 2
