0 0 3 25 1 35 10 13 1 35 1 9 4 25 8 51 17 14 1 28 5 19 4
0 59 2 82 3 4 3
0 466 10 31 15 32 1 40 9 3 1 18 2 2 2 12 2 12 2 27 8
0 760 3 10 1 20 7 69 5 154 9
0 780 5 15 7 20 5 1 16 14 2 12 3 8 10
0 790 3 49 3 32 4 12 1 29 4 18 1
0 799 4 12 1 15 4
0 922 2 48 14 18 4 4 2 31 3 180 1 4 6
0 977 22 29 2 28 11 75 8 11 2 74 11 58 3 5 4 114 3 5 9 8 1
0 1150 12 47 6 15 11 1 1 54 10 12 3 43 11 51 22 21 6
0 1252 1 3 1 59 1 57 12 47 8 51 3 13 26 48 8 36 12 6 5 37 6
0 1439 2 13 3 29 15 89 1 21 2 6 4 34 2 113 6
0 1440 2 3 5 26 2 12 10 2 9 87 6
0 1501 2 24 9 20 12 8 1 59 9 14 2 23 11 59 20
0 1591 1 29 1
0 1607 6 26 4
0 1768 2 34 12 47 9 18 6 6 2 26 9
0 1915 43
0 2039 4 22 6
0 2086 2 9 1 103 5 18 3 23 2 39 1 1 15 9 2 29 1 168 3
0 2116 8 19 2 19 4 22 2 19 11 12 24 32 9 24 4 12 10 6 3 39 3 30 4
0 2168 5 23 1 41 1 1 5
0 2235 4 5 15 38 1 15 3 20 5 30 5
0 2571 6 33 2
0 3012 3 48 9 7 2 39 14 15 6
0 3188 4 16 2
0 3388 17 30 1 98 4 30 3 21 3
0 3413 1 39 2 7 1 15 1
0 3719 5 17 5 4 1 13 5 27 1
0 3735 2 11 6 39 4 24 11 5 3 18 1 79 1 2 1 14 18 18 2 9 13
0 3793 6 3 11 88 8 57 10 10 1
0 3900 4 4 7 43 2 17 4
0 3942 1 4 9 8 2
0 4032 9 23 11 27 2
0 4131 5 6 8 46 3 2 1 5 2 51 2 54 5 44 15 43 3 14 2 79 3 8 2 73 5 7 2
0 4148 13 17 16
0 4210 1 31 8
0 4220 9 10 2
0 4599 6 6 1
0 4645 8 11 3 5 1 7 4 79 5 8 2 25 2 3 8 60 10 16 13
0 4806 2 28 1
0 4811 6 60 3 11 22 14 8 26 9
0 4866 8 13 3 3 3 16 3 49 10
0 5029 4 47 2 86 3 39 4 173 1 27 6 65 5 11 5 4 2 2 2 36 15 10 2 4 6 23 9 4 1 57 2 23 1 8 1 19 1 16 1 19 12 14 2
0 5145 3 45 2 13 9 11 1 36 4 21 14
0 5424 4 12 4 110 1 58 5 22 6 106 2 3 4
0 5529 1 14 1 3 4 7 6 14 9 38 4 10 1 36 1 7 1 7 2 39 6 19 1 1 1 36 2 11 7 45 30 40 3 3 13 16 5 8 2 5 2 72 14
0 5684 24 38 11 25 4 92 9 47 1 16 22 70 7 27 5 229 1 28 4 17 8 1 6 7 2
0 5870 17 106 4
0 5875 3 3 1 40 3 20 5
