0 0 4 21 3 73 13 15 10 118 2 16 7 7 2 48 11 50 1 38 5 39 1 10 9 21 7 6 7 9 4 15 3
0 45 1
0 138 1 12 13 34 1 18 1 26 5 43 2 15 10 13 18
0 142 10
0 395 10 92 4 6 14 47 7 17 5 7 3
0 421 1
0 459 7 3 1 6 14 4 2 14 1 11 9 2 2 45 1 11 2 23 7 2 7 22 4
0 467 3 35 6
0 668 8
0 717 8 1 7 31 10 54 16
0 846 1 10 5
0 1136 4 75 3
0 1177 11 10 2 17 1 12 2 4 5 73 2 13 8 69 6 3 8 1 7 16 4
0 1654 3 18 5 10 4 17 29 17 5 2 3 73 3 18 3 69 2 26 3 7 3 1 12 19 1 6 8 14 2 4 1 51 6
0 1657 2 6 4 66 6 17 2 53 12 86 2 42 1
0 1836 2
0 2102 14 33 3 125 12 38 5 13 9 13 3 4 2
0 2475 2
0 2515 5 50 5 18 1 66 15
0 2546 7 8 3 41 1 2 1 27 6 50 3 26 21
0 2575 15 41 4
0 2604 2 66 4 27 4 2 7 48 6 40 1 6 16 42 1 22 2 55 2 39 4
0 3065 4 40 4 42 6
0 3123 2
0 3208 2 34 2 7 3
0 3327 13
0 3397 14 35 6 1 1
0 3419 25 24 3
0 3517 2 18 7 31 7 76 9
0 3593 9 10 24 153 3
0 3608 2
0 3682 6 9 1 1 14 33 4 75 8 26 5
0 3704 7 69 3 15 2 13 17
0 3817 4 44 2 6 6 11 2
0 3829 4 44 1 25 4 67 2 4 18 7 7 27 20 18 7 42 3 42 2
0 4136 6
0 4267 5 37 1 27 1 1 19 49 3 76 2
0 4307 1 4 4
0 4465 1 39 3 17 10
0 4525 3 57 7 71 4 23 3 17 12
0 4555 19 17 13 52 5 55 2 9 8 54 1 88 7 137 2 91 3 23 1 9 7 2 3 2 6 26 2 43 4 5 1
0 4605 7 5 19
0 4651 9 20 4 28 3 86 1 3 3 8 5
0 4871 5 21 2 20 4 3 9 30 2 19 7 69 3 39 24 29 1 30 1 7 7
0 4898 5 17 3 6 2 65 2 47 4
0 5011 2 3 7
0 5178 12 20 2
0 5267 1 76 9 7 1 6 6 98 10 47 17 95 18 13 4 41 3 91 6 49 4 15 5 11 1 8 1 44 1 29 15 5 1 16 1
0 5431 4 4 1 54 1
0 5534 4
