0 0 11 3 1 1 2 28 6 15 4 30 5 96 2
0 4 11 11 9 58 4 1 3 26 2 30 10 19 13 2 4 30 4 19 8 108 2 11 18 49 6
0 42 4 17 15 37 4 44 1 44 17 5 2
0 44 2 37 5
0 273 5 29 4 9 1 2 3
0 327 48 18 4
0 358 10 3 3 21 8 4 2
0 367 3 6 8
0 443 7 38 10 80 6 15 9
0 543 8 17 4 48 1 39 2 27 3 32 3 2 5 29 7 57 4 7 2 27 5 8 3 51 2 10 4
0 582 2 64 10 26 2
0 675 7 4 10 82 5
0 913 5 22 8 1 13 63 2 5 9 3 5
0 958 9 16 5 63 9 3 14 10 1 31 1 23 3
0 1010 12 4 11
0 1158 2 55 2 20 23 88 1 67 3
0 1163 1 84 5 27 3 16 6 47 17 2 2 50 3 1 19 15 4 70 4 62 8 19 1
0 1256 4 9 8 29 2 7 1
0 1688 15
0 1774 1 41 9
0 1965 13 51 5 8 14
0 2268 12 174 4 56 2 32 4 26 1 2 5
0 2279 6 14 3 2 3 22 8
0 2365 13 37 4 57 3 11 2 19 2 5 3 25 10 135 4 129 20
0 2366 3 7 1 3 1 138 4
0 2448 8 79 1 10 8 8 5 21 3 2 13 107 14 3 32 34 4 44 7 19 1 17 1 12 7
0 2517 3 20 5 34 13 38 4 2 2
0 2529 3 40 1 27 10
0 2595 7 21 1 9 1 25 3 29 4
0 2682 16 60 5 48 4 19 1 32 3 107 2 20 5 92 10 54 1 25 1
0 2708 6 9 6
0 3031 12 62 26 56 6 60 3 13 1 5 1
0 3057 1 110 4 14 2
0 3163 2 45 5
0 3224 1 50 12 34 3 54 2 11 8 7 9 28 6 27 2 49 1 40 25 9 10 7 7
0 3394 12 55 3 62 14
0 3409 17 37 6
0 3443 7 37 4
0 3585 11 93 3 32 6 2 1 75 2 17 1 111 1 55 3 12 9 36 4 1 5 27 6 8 13
0 3698 1 5 1 3 1 55 7 33 2 26 1 2 3
0 3803 6 36 2
0 3885 1 11 1 13 7 19 1
0 4077 4 51 2 11 1
0 4131 7
0 4221 3 44 7 11 1 16 10 36 9
0 4274 2 88 14 16 5 19 15 47 2 26 5 12 4 23 12 27 2 14 2
0 4400 3 14 5 40 3 38 10 26 1 67 3 21 2 12 5 5 1
0 4524 9 17 2 52 2 17 12 70 1 1 6 75 3 28 14 248 3 25 1 4 7 8 5 7 4 94 3 42 2 9 3 56 7
0 4777 7 10 1 76 1 93 3 37 6 50 8
0 5342 5 81 6 16 5 28 3 30 3 143 7 35 11 5 1 84 5
