0 0 7
0 118 33 4 13
0 122 4 45 1 8 5 20 1
0 155 6 21 1 21 5 28 1 17 2
0 165 2
0 639 17 37 9
0 695 1 7 2
0 715 6 16 12 5 5 50 3 12 1 14 2 34 3 10 4 10 2
0 719 4 5 5
0 721 2 33 6 23 2 17 4 120 3 13 8 2 19 26 4 37 4 64 5 59 3 24 3 26 4 26 12 42 9 3 5
0 1056 1 28 3 8 2
0 1380 2 16 5 1 5 40 12 50 4 1 9 60 6 43 10 17 2 9 7 7 33 56 5 138 6 57 2
0 1492 1 39 6 55 14 36 1 6 4 25 3 21 8 17 6 84 7 39 6 83 2 17 2 129 5 41 1 16 4 30 1 1 6
0 1500 2 10 9 67 5 19 4 52 4 205 1 8 11 45 3 19 4 23 5 58 7 92 13
0 1604 8 5 7 5 14
0 1606 3 13 4
0 1619 4 4 1
0 1713 1 29 5
0 1727 1 1 7
0 1758 4 39 5
0 1928 6 36 2 20 1 35 3 14 3 19 3 127 6 30 3 27 4 15 3 16 3 46 3
0 2148 5 32 2
0 2233 11 12 11 58 3 2 6 8 2 21 2 17 2
0 2334 14 21 1 32 5 92 5
0 2451 5 27 1 24 7 10 1 18 2 26 8 7 11 20 14
0 2508 4 99 17 24 10 1 5 133 11 39 4
0 2628 6 11 3 33 2 65 7 44 8 19 1 87 17 3 6 15 13 46 2
0 2641 1 28 9 29 30 6 4 1 5 17 13 20 2 58 2 8 1
0 2855 2 13 12 31 9
0 2912 12 12 1 17 17 114 24
0 2948 17 5 3 42 13 69 3
0 2950 3 4 6
0 2961 2 1 5 4 4
0 3120 2 69 4 18 2
0 3303 10 194 7 75 12 6 9 9 5 34 3
0 3351 5 5 9
0 3515 1 14 5 2 25 12 13 31 2 3 1 13 5 8 2 11 8 35 1 21 7 67 4 33 6 66 14 19 2
0 3541 3 36 6 15 9 22 5
0 3646 4 11 2 25 1
0 3678 1 13 14 37 1 31 1 59 1 31 6 3 9 70 1 23 14 44 1 27 8
0 3855 12 5 9
0 3942 2
0 4012 5 21 3 5 6 71 10 30 7 14 5 42 3 109 17 22 5 21 2 33 2 38 5 14 13
0 4046 4 5 2 108 7
0 4211 11 50 6 52 2
0 4303 1 60 1 52 1
0 4377 2 9 7 24 1 49 5 11 9 60 2 49 1 3 1 30 5 45 4 24 1 22 8 8 2 54 2 24 4 61 9 8 4 51 5
0 4385 5 46 11
0 4435 4 58 5
0 4501 4 16 12 39 4 30 9 1 3 59 3 8 17 19 19 25 3 9 2 96 10 132 4 44 4 22 6 24 4
