0 0 16 9 6 12 59 5 6 12 6 3 22 9 48
0 66 14 1 28 10 19 7 11 5 10 28 15
0 77 54
0 117 31 29 32 1 40 17 3 1 18 3 2 3 12 4 12 3 27 16 23 25 14
0 119 20 14 69
0 222 52 13 5 9 15
0 235 28 1 91 5 10 4 14 3 56
0 237 13 17 17 11 24 4 4
0 251 18 2 10 1 23 4 2
0 265 35 11 7
0 321 18 8 4 4 31 5 180 1 4 12 60
0 406 29 4 28
0 456 46 4 7 25 64 20 16 2 23 38 15 2 54
0 459 49 15 71
0 481 15 22 1 2 54 19 12 6 43 22 51
0 495 33 20 26 1 3 2 59 2 57 24 47 16 51 6 13 51 48 16 36 24 6 10 37 12 43 16 11
0 504 29 30 89
0 518 8
0 534 34 4 113
0 554 1 3 3 9 26 3 12
0 556 49 29 33 14 16 3 24 17 20 24 8 1 59
0 566 7 8 64 20 117 2 23 2 29 1 5
0 589 26
0 610 41 3 34 23 47
0 622 31 2 11 9 52 1 37 86 5 11 22
0 646 55 4 7 3 3
0 665 18 6 23 4 39 1 1 30 9 3 29 2 168 5 69 3 47 7 10 7 21
0 673 19 22 12 48 32
0 689 21 4 57 2 16 13 13 10 20 7 13
0 705 3 14 3 1 25 11 17
0 708 86 13 1 5 17
0 728 30 9 5 28 36
0 733 22 37 13 16 49 3 11
0 788 15 12 6 15 21 6 7 9 50
0 808 2 33 20 10 16 7 14 6 7 1 39 3 7 1 15 2 23 26 28 6 27
0 811 13
0 829 6 21 4 3 11 12 39
0 845 61 2 14 6 5
0 847 2 2 14 35 18 3 9 25 24 5 31 1 61 30 47 19 56
0 848 16 9 21
0 873 43
0 885 19 4 11
0 888 52
0 894 13 8 51
0 935 27 3 77 9 27
0 964 46 5 2
0 967 7
0 972 54 9 44 29 43 5 14 4 79 6 8
0 1021 29 3 12
0 1024 78
