0 0 65 1 4 1 7 10 35
0 13 30 10 96
0 63 1 22 11
0 102 21 1 16 9 9 10 57 7 73 1 21
0 118 19 16 108 3 11 36 49
0 139 10 8 17 30 37 7 44
0 168 100
0 176 9
0 183 37
0 196 58 10 29 8 9
0 198 16
0 207 285 6 24
0 213 59 1 17 7 45
0 221 9
0 230 6
0 243 19 14 38 19 80 11 15 18 78 9 45
0 259 48 1 39 3 27
0 281 13 1 30 10 38
0 297 7 3 27 10 8 5 51 4 10 8 11 4 10
0 337 26 3 15 8 38 2 57 28 27 11 60 9 22
0 338 73 21 11 2 49 1 28 12 12 17 16
0 380 54 1 79 4 1 11 2
0 391 4 5 70 2 63
0 416 10 19 12 7 133
0 418 67 6 69 1 5 28 29 9 15 6 34 16 100 1 7 17 18 1 110
0 433 70 7 62
0 446 3 6 24 8 9 15 29 4 7
0 448 108 30 4
0 450 41 17 13 16 76
0 470 8 27 29 26 68 58 19 19 7 11 20
0 472 2 10 18 1 35 5 14
0 483 22
0 517 22 25 37 7 57 5 11 3 19 4 5
0 534 56 45 21 43 119
0 535 17 3 1 1 2
0 550 70 7 43 27 1 4 48 3 25 7 13 1 75 36 83 1 187 12 22 15 41 7 6 6 2 4 38 8 18
0 564 29 12 77
0 580 2 3 15 1 17 14 2 9 58
0 591 39 7 2 3 1
0 600 29 7 57 8 92
0 620 48 7 19 2 32 6 107 4 20 9 92 20 54
0 637 1
0 642 35 3 36
0 696 67 21 151 19 32 20 16
0 697 5 1 15
0 701 110 7 14
0 704 27 3 45
0 749 16 1 50 24 34 5 54
0 756 47 3 53
0 778 27 4 49 1 40 49 9
