0 0 22 7 13 25 73 5 57 40 7 6 38 3 10 16 65 17 3 13 26
0 3 10 18 21 13 6 14 9 8 15
0 5 12 2 42
0 6 12 25 34 1 18
0 23 27
0 30 15 20 13 35 3 1 56 11 64
0 91 19 2 81 16 37 6 26 3 15 1 7 2 68
0 118 3 2 6
0 121 8 5 2 4 54 1 11 15 3 4 7 8 37 1 39 8 20
0 123 16
0 144 3 17 48 6 13 15 1
0 165 57 18 96 2 33 1 10 9 5
0 178 75 5 62 4 66 4 12 6 2 4 12 2 29 25 7
0 207 69 12 3
0 208 39 6 19 32 120 5 18 9 10
0 220 172 6 28 1 18
0 231 18 6 69 3 26 5 7 6 1 23 19 1 6 15 14
0 234 2 17 32
0 235 11 2 21 22 31 6 7 18 69
0 240 42 2 3 15 10 12 67 28 33 5 125 24 38 10 13 18 13 5 4
0 241 94 4 19
0 261 50 10 18
0 305 86
0 311 37 3 13 14 1 1 5 9 34
0 321 26 41 9 3 89 14 23 20 8 4 66
0 339 20 1 42 16 33
0 341 6 31 42 2 22 4 55 4 39
0 348 116 8 40 7 42
0 350 15 4 12 8 11 12 12
0 360 2 10 77
0 372 79 12 36
0 374 6
0 472 24 5 18
0 479 18 14 31 13 76
0 488 19 17 10 48 153 5 3 2 11 10 19
0 494 5 1 81 11 24 25 48
0 511 17 2 42 23 18 5 11
0 578 16 10 20
0 584 6 12 11 3 52 1 23 15 5
0 597 67 3 4 35 7
0 615 118 6 38 14 17 14 12 1 77
0 634 33 10 37 1 27 2 1
0 667 16 26 12 2 10 1 4 8 14 14 3 13 14 6 55 9 15 6 57 13 71 7 23
0 679 68 31 8 38 17
0 714 29 19 7 3 46 18 2 30 41 46 8 31 13 8 1 3 41
0 723 2
0 741 12 15 24 2 6 3 13
0 745 110 11 12 17 20 8 28 5 86
0 747 14
0 765 60 19 26
