0 0 41
0 20 195 2 73
0 21 21 15 4 3 27
0 24 22 3 31 7 4
0 42 28 1 17 3 1
0 49 5
0 114 37 18 6 5 3 3 12 17 5 12 16 23 5 9 50 5 12 1 14 4 34 5 10 8 10
0 118 1 8 5
0 178 1 3 33 12 23 4 17
0 258 14 5 47 1 109
0 272 37 7 64 10 59 5 24
0 289 21 9 70
0 323 3 9 12 28 3 10 13 3 9
0 377 7 6 27 1 26 14 70 17 23 1 54 20 34 15 57 6 10
0 402 7 65 56
0 494 34 19 10 32 28 1 39
0 531 83 12 3 2 20 9 17
0 560 17 11 84 13 39
0 616 12 6 8 43 25 14 2
0 631 30 1 1 11 65
0 639 10
0 684 27 7 21 18 24 69 1 3 64 15 14
0 699 23 9 58 14 92
0 707 26 16 5 13 5 27 7 1 17 5 22 2 4 7 4
0 710 24
0 730 29
0 733 5
0 758 4
0 771 39 10 65
0 792 36 4 20 2 35 5 14 6 19
0 877 31 10 16 9 19
0 886 16 6 46
0 891 55 10 32
0 914 22 22 12
0 953 13 1 31 3 7 7 8 6 12 7 26 28 21
0 975 27
0 992 42 10 26 9 3 8 40 4 6 6 9 9 44 3 62 7 84 10 15
0 1058 97 8 55 1 26
0 1101 39 8 57 10 33 4 17 11 7 22 41 15 47 7 2 29 100 1 35 5 77 16 7 16 4 1 28
0 1120 179 2 23 1 26 6 76 7 9 20 12
0 1122 12 18 9
0 1167 31 17 21
0 1214 12 2 17
0 1290 142 7 9 34 5 5 42 26 69 5 4 1 13 2 31 4 3 4 1 9 4
0 1299 40 4 69 8 18
0 1321 46 20 194
0 1371 72 2 51 3 25 12 13 3 12
0 1374 54 28 41 1 14 9 2
0 1382 77 11 9 1 6 5 30 3 8 4 46 12 3 7 41 23 21 11 36 22 79 7 9 7 7 6 36 12 15
0 1397 30 5 27 7 11 3 25 2 61 3 4
