0 0 25 2 1 6 29 11 20 12 75 12 18 9 2
0 90 11 18 3 13 29 18 28 4 117
0 94 16 15 4 9 9
0 104 18 6 79 14 15
0 159 25 25 57
0 167 41 19 11 14 27 3 61 6 37
0 175 45 14 41
0 216 64 12 18 11 18 13 7 2 33 18 25
0 229 16 4 4
0 250 9 11 46 4 1
0 261 73
0 278 3 6 31 5 10 1 11
0 291 17 4 167 2 19 9 11
0 301 23 4 25 11 90 9 99 5 67
0 302 7 21 4 2 13 21 42 10 4 1 4 13 40
0 341 60 12 103 18 78 13 14 18 50 2 6
0 342 50 2 41 9 7 6 25
0 384 1 19 8 4 17
0 397 53 1 4 1 39 31 7 8 28
0 406 28 6 35 24 6 3 85 24 7 18 21 3 33 21 12 14 95 4 4 15 19
0 448 66 10 48 5 118
0 462 11
0 480 40 10 89 3 27
0 506 35 8 20 1 42
0 524 21 7 6
0 554 47
0 555 80
0 575 21 4 4 2 31 3 24 21 39
0 597 43
0 603 1 7 6
0 641 6 8 3 18 6 9 84
0 652 33 1 66 3 40 1 22
0 665 13 12 9
0 666 22 2 18 2 21
0 672 126
0 679 6 10 6 1 13 5 33 2 9 9 20
0 681 58 25 19 9 20 44 11 12 21 26 23 2 65 32 7 5 8
0 702 30 27 82 2 19 16 14 5 11
0 741 18 6 73
0 750 15 1 63 22 3 14 15 12 24
0 757 33
0 806 2 1 2 3 3 13 4 5 46 12 4
0 815 28
0 818 65 8 24
0 823 10 11 25 1 19 2 18 1 49
0 871 18 29 49
0 889 1 15 57 8 84 20 49 9 100 13 25 3 35 16 184 4 4 6 53 3 26 6 5 10 3 22 22 6 2
0 901 15
0 918 1 30 50
0 931 7 18 20 5 1 30 3 1 36
